-117.6975171 39.6738033
-117.6776359 39.6717047
-117.6951198 39.6707447
-117.6892554 39.6714265
-117.6859379 39.6716784
-117.6872170 39.6711225
-117.6872270 39.6710158
-117.6872270 39.6710158
-117.6835285 39.6700404
-117.6998220 39.6670403
-117.6846390 39.6734052
-117.6820926 39.6728180
-117.6836563 39.6717034
-117.6803806 39.6740365
-117.6801657 39.6727898
-117.6788470 39.6740019
-117.6781544 39.6728932
-117.6842281 39.6707409
-117.6790424 39.6713524
-117.6743199 39.6744910
-117.6728410 39.6762413
-117.6852503 39.6720652
-117.6652202 39.6799488
-117.6865995 39.6725102
-117.6703780 39.6765117
-117.6886814 39.6725086
-117.6828411 39.6734859
-117.6835175 39.6723559
-117.6810070 39.6736822
-117.6815547 39.6723839
-117.6849157 39.6727808
-117.6857101 39.6716047
-117.6835383 39.6732797
-117.6891444 39.6677303
-117.6897193 39.6677820
-117.6969563 39.6686377
-117.6786401 39.6739226
-117.6775448 39.6733065
-117.6845370 39.6727211
-117.6929992 39.6696916
-117.6929992 39.6696916
-117.6931127 39.6696507
-117.6768426 39.6729700
-117.6765847 39.6728273
-117.6765847 39.6728273
-117.6765847 39.6728273
-117.6930332 39.6715547
-117.6946997 39.6712687
-117.6855218 39.6725136
-117.6855218 39.6725136
-117.6854088 39.6724884
-117.6853280 39.6724690
