328193.70000 4407313.30000
328182.30000 4407299.80000
328205.70000 4407338.00000
328216.50000 4407327.90000
328219.10000 4407348.90000
328238.50000 4407348.70000
328249.40000 4407437.70000
328251.20000 4407472.60000
328239.60000 4407510.70000
328259.30000 4407511.80000
328257.20000 4407522.00000
328233.60000 4407538.40000
328220.00000 4407543.80000
328206.90000 4407527.00000
328255.70000 4407574.40000
328270.70000 4407596.10000
328253.90000 4407598.70000
328311.50000 4407663.90000
328397.90000 4407810.00000
327837.30000 4405915.40000
327846.60000 4405950.80000
327846.10000 4405959.40000
327808.70000 4405922.20000
327812.20000 4405887.00000
327743.20000 4405804.40000
328030.40000 4406310.60000
327949.10000 4406321.60000
328031.90000 4406495.40000
328034.60000 4406519.90000
328095.30000 4406579.20000
328189.80000 4406772.70000
328171.30000 4406805.50000
328162.40000 4406804.80000
328176.30000 4406837.90000
328179.20000 4406845.40000
328165.80000 4406845.10000
328106.50000 4406866.60000
328132.10000 4407033.70000
328147.80000 4407095.40000
328161.00000 4407101.90000
328156.90000 4407113.60000
328116.60000 4407115.50000
328192.00000 4407197.20000
328210.60000 4407221.30000
328213.70000 4407216.90000
328225.00000 4407267.50000
328202.90000 4406959.50000
327879.70000 4406138.40000
327885.50000 4406129.60000
327881.70000 4406123.00000
327878.30000 4406120.90000
327871.20000 4406137.10000
327872.40000 4406130.00000
327870.50000 4406127.10000
327868.70000 4406125.50000
327868.00000 4406123.60000
327863.90000 4406120.80000
327865.80000 4406112.00000
327889.50000 4406122.60000
327886.30000 4406123.00000
327891.60000 4406119.80000
327887.20000 4406119.20000
327884.30000 4406112.40000
327876.60000 4406104.90000
327839.40000 4406048.20000
327838.50000 4406039.70000
327849.90000 4405965.60000
327859.20000 4405978.60000
327854.50000 4406010.40000
327875.50000 4405949.70000
327873.40000 4405957.10000
327873.80000 4405945.40000
327702.30000 4405684.90000
   0.00000    0.00000
