440177.5300000 4391786.0600000
441880.9000000 4391540.0800000
440380.5100000 4391445.0100000
440884.0800000 4391516.8000000
441168.8300000 4391542.5700000
441058.6500000 4391481.7200000
441057.7000000 4391469.8800000
441057.7000000 4391469.8800000
441374.0900000 4391359.2000000
439974.0000000 4391037.0000000
441281.6900000 4391733.3700000
441499.5900000 4391666.5400000
441364.5400000 4391543.8500000
441647.4500000 4391800.6600000
441664.8300000 4391662.1500000
441778.9500000 4391795.8200000
441837.4200000 4391672.3300000
441314.6800000 4391437.4100000
441759.9700000 4391501.9000000
442167.6300000 4391847.1800000
442295.9200000 4392040.4900000
441228.1300000 4391585.0500000
442952.5500000 4392447.0900000
441112.7900000 4391635.3300000
442507.3800000 4392068.9200000
440934.2300000 4391636.5200000
441435.9600000 4391741.1500000
441376.9900000 4391616.1800000
441593.4300000 4391761.7500000
441545.3600000 4391618.0100000
441257.4300000 4391664.2500000
441188.3000000 4391534.2400000
441375.9900000 4391718.7200000
440890.4500000 4391106.5000000
440841.1800000 4391112.6200000
440221.1800000 4391212.3800000
441796.6300000 4391786.8900000
441890.0500000 4391717.8000000
441289.8600000 4391657.3800000
440561.4900000 4391326.7200000
440561.4900000 4391326.7200000
440551.7200000 4391322.2600000
441950.0000000 4391680.0000000
441972.0000000 4391664.0000000
441972.0000000 4391664.0000000
441972.0000000 4391664.0000000
440560.1700000 4391533.5200000
440416.9900000 4391502.8800000
441205.2200000 4391635.0000000
441205.2200000 4391635.0000000
441214.8900000 4391632.1300000
441221.8100000 4391629.9200000
