							<coordinates>
								-118.9990139332724,39.81123443119999
 -118.9990776946243,39.81129820236796
 -118.9991214636788,39.81127672858879
 -118.9991633804725,39.81119132044472
 -118.9992280231134,39.81108389925867
 -118.9992928088356,39.81106206413911
 -118.9993995956307,39.81099806405252
 -118.9992716487344,39.81097683932635
 -118.9991209498899,39.8109767269849
 -118.9989919784078,39.811041108126
 -118.9989920368182,39.8110834509383
 -118.9990138487587,39.81119118790524
 -118.9990139332724,39.81123443119999
 
--
							<coordinates>
								-119.0018675725803,39.80848000937658
 -119.0018465305553,39.80847947075674
 -119.0017818085388,39.8085436504152
 -119.0016319750004,39.80869398303965
 -119.0016314342667,39.80871561472547
 -119.0016741191773,39.80873740313744
 -119.0017600036525,39.80875844774422
 -119.0019102161058,39.80882253032452
 -119.0019961268755,39.80884447523456
 -119.0020176232921,39.80878013887637
 -119.0019105502051,39.80867296980699
 -119.0019321068075,39.8086509762461
 -119.0019324408739,39.80850141572539
 -119.0018675725803,39.80848000937658
 
--
							<coordinates>
								-119.0040565503914,39.80650529302306
 -119.0039922233975,39.80646225614027
 -119.0039063412037,39.80644121312923
 -119.0038631170313,39.80644105720243
 -119.0038199802581,39.80648414451297
 -119.0037554105084,39.80663391123456
 -119.0037345437519,39.80671985945104
 -119.0037130495164,39.80678419609816
 -119.0037132854032,39.80691302537316
 -119.003691729905,39.8069350192462
 -119.0036486538898,39.80702044926925
 -119.0036702967488,39.80704169865538
 -119.0038199057367,39.80708506774253
 -119.0039699674018,39.80706356169992
 -119.0040352873822,39.80702009196162
 -119.0040994659046,39.80697754279524
 -119.0041420628412,39.8069560870667
 -119.0042928394358,39.8069994354158
 -119.0043570793742,39.80699922887096
 -119.0045071406562,39.80697772214096
 -119.004485321906,39.80686998643576
 -119.0043787264423,39.80669884518402
 -119.0043137714523,39.80663419693143
 -119.004271087079,39.80661240947296
 -119.004141831296,39.80650562484023
 -119.0041208160228,39.80650598710131
 -119.0040565503914,39.80650529302306
 
--
							<coordinates>
								-119.0056011446612,39.80478940962257
 -119.0056226988913,39.80476741541606
 -119.005729769394,39.8045529482274
 -119.00570812673,39.80453169921364
 -119.005601356454,39.80459570545732
 -119.0055156268345,39.80466024959068
 -119.0054722531924,39.80457450823619
 -119.0054084045893,39.80446749765139
 -119.0053442291817,39.80451004748807
 -119.0052580218924,39.80463856588953
 -119.0053434509056,39.80472448288071
 -119.0054510001441,39.80476767441882
 -119.0054721654898,39.80485289792824
 -119.005343300554,39.80496052981795
 -119.0052796904258,39.80498234841863
 -119.0053008556378,39.80506757195963
 -119.0054516287125,39.80511091889301
 -119.0055366687006,39.80498242049153
 -119.0055580722769,39.8048748403005
 -119.0056017464745,39.80481012069069
 -119.0056011446612,39.80478940962257
 
--
							<coordinates>
								-119.0072325638543,39.80051876282427
 -119.0072326532343,39.8005620060685
 -119.0071895221525,39.80060509454209
 -119.007146364835,39.80064728251951
 -119.0071027838946,39.80075524590683
 -119.0071036278131,39.8009047862225
 -119.0071463094246,39.80092657271892
 -119.0072111720198,39.80094797626603
 -119.0072106961946,39.80101195072445
 -119.007124972456,39.80107649594945
 -119.0071244334091,39.80109812764728
 -119.0072104885189,39.80120565490312
 -119.0072105517205,39.80124799766186
 -119.0070817854039,39.80139887457194
 -119.0071028884039,39.80144175504976
 -119.0069955850654,39.80152739416809
 -119.0068892966843,39.80152742703739
 -119.0068024675437,39.80163433495346
 -119.0068457778261,39.80167773309547
 -119.0068667915913,39.80167737037414
 -119.0067811558474,39.80178515860646
 -119.0067595767121,39.80180625252826
 -119.0066959699381,39.80182807184053
 -119.0066311066504,39.80180666802355
 -119.0066100038192,39.80176378745831
 -119.0065449626572,39.80165589709833
 -119.0064812670082,39.80163447304415
 -119.0064597139982,39.80165646739297
 -119.0064815076543,39.80176330230487
 -119.0064383753695,39.80180639051844
 -119.0064600173612,39.80182763941981
 -119.0065886654956,39.80191371060211
 -119.0066739406452,39.80191404068658
 -119.0067382387061,39.80195617569141
 -119.0066532306767,39.80208557538273
 -119.0067385689722,39.80212824817434
 -119.0067381818613,39.8022354658684
 -119.0068031347477,39.80230011285232
 -119.0067810163162,39.80234283847443
 -119.0068026585865,39.80236408730372
 -119.0067817967287,39.80245003601267
 -119.0067385751013,39.80244988110063
 -119.0066738631943,39.80251406332017
 -119.0066523099837,39.80253605770646
 -119.0065881371243,39.80257860818651
 -119.0065022591126,39.80255756699238
 -119.0065023219146,39.80259990975205
 -119.0065888543969,39.80264346297089
 -119.0064815485885,39.80272910165389
 -119.0064599062953,39.80270785276631
 -119.0063949533224,39.80264320559588
 -119.0063090752823,39.80262216425942
 -119.0061591754576,39.80272925911665
 -119.0060087357769,39.80285798548349
 -119.006008975639,39.80298681473937
 -119.0059665328566,39.80309385710809
 -119.0059011915951,39.80313642736838
 -119.0058591369816,39.80313625199623
 -119.0058797003801,39.80320076438338
 -119.0059019706985,39.80324362492956
 -119.0059441140229,39.80328704352894
 -119.0059656676904,39.80326504926647
 -119.0061800454712,39.80328657640424
 -119.0062883099448,39.80339462200035
 -119.0063305163232,39.80348038320661
 -119.0063526981073,39.80348000041936
 -119.0063305790443,39.80352272596231
 -119.0062664312577,39.80356617676397
 -119.0062017178937,39.80363035874215
 -119.0061802268271,39.80369469580478
 -119.0061167695007,39.80380210083154
 -119.0060951895503,39.80382319464177
 -119.0062237522405,39.80386602289046
 -119.0062452433129,39.80380168582131
 -119.0063525510404,39.80371604732723
 -119.0064598585013,39.80363040873876
 -119.0065234669969,39.80360858952285
 -119.0066530449691,39.80356581116997
 -119.0066739963794,39.80352310572017
 -119.0067598126694,39.80350180400579
 -119.0068671823344,39.80345850780493
 -119.0069096239035,39.80335146513973
 -119.0068889702572,39.80324370972986
 -119.0069962763182,39.80315807067032
 -119.0069740053573,39.80311521034857
 -119.0069955848186,39.80309411638356
 -119.0071460863065,39.80300773151909
 -119.0072749709976,39.80290099821964
 -119.0072748815265,39.80285775499272
 -119.0072964608159,39.80283666097476
 -119.0074254083321,39.80277227026275
 -119.007424626893,39.80266507275745
 -119.0074892486209,39.80255764690745
 -119.0075105589287,39.80240682317336
 -119.0076184018168,39.80229955188177
 -119.0077046018796,39.80217103184342
 -119.0077254625084,39.80208508299272
 -119.0077894808427,39.80195694593599
 -119.0078325225569,39.80187061401251
 -119.0077040524316,39.8018710306991
 -119.0076822306566,39.80176329558226
 -119.0076185345793,39.8017418721635
 -119.0074893466064,39.80167743383831
 -119.0075107724926,39.80157075380221
 -119.0075544428576,39.80150603351147
 -119.0075543532494,39.8014627902788
 -119.0074462690792,39.8014412322763
 -119.0074252553935,39.80144159510092
 -119.0074036132379,39.80142034638239
 -119.0073824205634,39.80133422272709
 -119.0074032813871,39.80124827391917
 -119.0073395225929,39.80118450757551
 -119.0073603834329,39.801098558773
 -119.0073609224057,39.80107692707577
 -119.0073608329309,39.80103368383713
 -119.0074255428476,39.80096950126498
 -119.0074681350571,39.80094804440179
 -119.0075964504239,39.80086204202425
 -119.007703905167,39.80086198837081
 -119.0078545805218,39.80086208915267
 -119.0078754406341,39.80077614026985
 -119.007811053288,39.80069076264388
 -119.0077474216972,39.80071168202506
 -119.0076399671904,39.80071173571345
 -119.0075324492939,39.80066944654452
 -119.0076182355832,39.80064724379121
 -119.007661456067,39.80064739840116
 -119.0077466399146,39.80060448449657
 -119.007768667509,39.80051851546832
 -119.0078329275002,39.80051920761646
 -119.0078755193037,39.80049775061134
 -119.0078544161425,39.80045487027187
 -119.0078327479898,39.80043272114519
 -119.0077894641072,39.80039022384005
 -119.0078973933136,39.80032619557142
 -119.00800475735,39.80028289842391
 -119.0080257706749,39.80028253550235
 -119.0080906329076,39.8003039385674
 -119.0080477978323,39.80019656642683
 -119.0080692861841,39.80013222904587
 -119.0080260023559,39.80008973182594
 -119.0078758675168,39.80006799952891
 -119.0078327371441,39.800111088229
 -119.007747104788,39.80021887712346
 -119.007704576591,39.80028267683768
 -119.0075965838492,39.80030436217043
 -119.0074465381592,39.8003258725685
 -119.0072539636717,39.80041118233342
 -119.0071893434455,39.80051860805262
 -119.0072325638543,39.80051876282427
 
--
							<coordinates>
								-119.0080478146502,39.79895237746461
 -119.0080694561919,39.79897362608469
 -119.0081115981235,39.79901704395521
 -119.0080690072938,39.79903850102971
 -119.0080684685328,39.799060132732
 -119.0081975620605,39.79908132729945
 -119.0082187549368,39.79916745083015
 -119.0083046291476,39.79918849084926
 -119.0083693365003,39.79912430779062
 -119.0083476047791,39.79905981599242
 -119.0082832823545,39.79901678133998
 -119.0082400629028,39.79901662693845
 -119.0081757405844,39.7989735922236
 -119.0081114183461,39.79893055747091
 -119.0080888004106,39.79893046562204
 -119.0080438050445,39.79887418908124
 -119.0080478146502,39.79895237746461
 
--
							<coordinates>
								-119.0073821864085,39.79493940155949
 -119.0072969460952,39.79493997228043
 -119.00729622854,39.79487511743179
 -119.0072961654558,39.79483277462987
 -119.0072108098853,39.79478920151728
 -119.0071029146527,39.7948541295037
 -119.0071252457863,39.79493933272185
 -119.0071673845614,39.79498275103413
 -119.0071674737477,39.79502599431881
 -119.0072541230414,39.79515423290438
 -119.0072322485268,39.79532578796768
 -119.0071462339746,39.795540794187
 -119.0071458471059,39.79564801198303
 -119.0070822198934,39.79566893091483
 -119.0070175405989,39.79573401372687
 -119.0069964395496,39.79569113315224
 -119.006910454887,39.79562594827779
 -119.0068667874042,39.79569066831724
 -119.0068033380183,39.79579807366826
 -119.0067175312447,39.79581937522261
 -119.0067169920416,39.79584100693917
 -119.0067176829275,39.79590496131127
 -119.0066308864106,39.79601276952402
 -119.0065882969156,39.79603422603342
 -119.0065449904902,39.79599082767042
 -119.0065455559165,39.79597009643602
 -119.006502338354,39.79596994134308
 -119.0064814777221,39.79605589005259
 -119.0064593609321,39.79609861561595
 -119.0064596010841,39.79622744499515
 -119.0065664205492,39.79620578099052
 -119.0066101774937,39.79618430434061
 -119.0066738680671,39.79620572845716
 -119.0068245332873,39.79620583080985
 -119.0067604552399,39.79629162457428
 -119.0068669764738,39.79642042136422
 -119.0068886168319,39.79644167023994
 -119.0069102572034,39.79646291911126
 -119.006889245029,39.79646328180447
 -119.0068454880023,39.79648475856078
 -119.0065885415642,39.79648468866546
 -119.0065243114936,39.79648489622318
 -119.0064810936077,39.79648474112969
 -119.0063526960069,39.7965274988947
 -119.0062447086264,39.7965491828573
 -119.0062885545671,39.79657094960965
 -119.0062024208512,39.79674181141879
 -119.006095212001,39.79687069291624
 -119.0060309815574,39.79687090020894
 -119.0060088642436,39.79691362569304
 -119.006030504505,39.79693487472968
 -119.0060953005661,39.79691393620365
 -119.0060948235749,39.79697791072285
 -119.0060949121427,39.79702115400949
 -119.00626629206,39.79717135557467
 -119.0063089710557,39.79719314245143
 -119.0063307002212,39.79725763470838
 -119.006352880002,39.7972572519664
 -119.0063524032611,39.79732122647767
 -119.0064172621849,39.79734263056456
 -119.0064808911399,39.79732171196348
 -119.0064381493898,39.797257582356
 -119.0065458085535,39.7970638255587
 -119.0065449662428,39.796914285116
 -119.006481186235,39.79684961766341
 -119.0063094185903,39.79680663420303
 -119.0062876009234,39.79669889864787
 -119.0064599337331,39.79672115091567
 -119.0065026751493,39.79678528052786
 -119.0066100346892,39.7967419847524
 -119.0066312247495,39.796828108668
 -119.00665286517,39.79684935758505
 -119.0067603136887,39.79684930494869
 -119.0067818913338,39.79682821104503
 -119.0067811741694,39.7967633562027
 -119.0068249313905,39.79674187946715
 -119.0068885596648,39.79672096065583
 -119.0069534181694,39.79674236445403
 -119.0069751477735,39.79680685658449
 -119.0069746086566,39.79682848829707
 -119.0068882353517,39.79687052123346
 -119.0068454362458,39.79708568217678
 -119.0069319356821,39.79712833485033
 -119.0069740757357,39.7971717531895
 -119.0069099079435,39.79721430376655
 -119.0069099970297,39.79725754703921
 -119.0068891104112,39.79734259531946
 -119.0068886603471,39.79740747030238
 -119.0069096728095,39.79740710760277
 -119.006952828328,39.79736491973402
 -119.0069749190049,39.79732129360141
 -119.0071459077297,39.79725707842004
 -119.0072101385041,39.7972568705017
 -119.0073181528245,39.79723608610571
 -119.0073823835748,39.79723587809239
 -119.0072752393875,39.79740710342202
 -119.0072326492591,39.79742856017825
 -119.007188981012,39.79749328033905
 -119.0072322626374,39.79753577793853
 -119.0072110158864,39.79772894450487
 -119.0071678864911,39.79777203295028
 -119.0069955770301,39.79775068228525
 -119.006974564464,39.79775104500278
 -119.0069315869596,39.79787971941831
 -119.006889237536,39.79803000537746
 -119.0069318910858,39.79805089152366
 -119.0068889133373,39.79817956592309
 -119.006974425139,39.79830872520437
 -119.0070393743828,39.79837337217704
 -119.0069956162165,39.79839484900987
 -119.0069745772762,39.79839431125035
 -119.0069098692482,39.7984584935524
 -119.0069315364634,39.79848064287961
 -119.0070384484287,39.79850222163381
 -119.0070386636821,39.79863015045466
 -119.007060933115,39.79867301082768
 -119.0071895759129,39.79875908150514
 -119.0072100497512,39.79878035044713
 -119.0070602487177,39.79893068957242
 -119.0071030183215,39.79899571937744
 -119.0072537527932,39.79903816380676
 -119.0072753309411,39.79901706980664
 -119.0072538421457,39.79908140706124
 -119.0072749444807,39.79912428753779
 -119.0072103254114,39.79923171326309
 -119.0071892862151,39.79923117554846
 -119.0071676448539,39.79920992676068
 -119.007146003506,39.79918867796845
 -119.0070386143942,39.79923107382071
 -119.0069531904214,39.79914515789375
 -119.0068240970979,39.79912396193524
 -119.0067811233384,39.79908228993994
 -119.0067295116791,39.79909356779696
 -119.0067166450322,39.79912401471159
 -119.0067389144399,39.7991668751439
 -119.0068032360794,39.79920991067073
 -119.0068670186614,39.79927457786439
 -119.0069102121157,39.79927383229263
 -119.0070171253172,39.79929541103574
 -119.0071245776385,39.79929535797486
 -119.0071252952525,39.79936021278012
 -119.007145769258,39.79938148172775
 -119.0072754283429,39.79938194609204
 -119.0072749525273,39.79944592056557
 -119.0072323611643,39.79946737734325
 -119.0071886023802,39.79948885425951
 -119.0071027911861,39.79951015618819
 -119.0070390973895,39.79948873239158
 -119.0068882729074,39.79940304444843
 -119.0068455294109,39.79933891505115
 -119.0067229246341,39.79939638941332
 -119.0066744463011,39.79935988663098
 -119.0066312266124,39.79935973163465
 -119.006803179034,39.79948920096763
 -119.0068241921323,39.79948883826911
 -119.0068668727631,39.79951062489547
 -119.006910155515,39.79955312257672
 -119.0068240461175,39.79972488529519
 -119.0067809152761,39.7997679736166
 -119.0067601169304,39.79989626511566
 -119.0068671201992,39.79996108722803
 -119.0068887617159,39.79998233606602
 -119.0068668222971,39.80011154820881
 -119.006888463863,39.80013279704524
 -119.0068668852581,39.80015389098018
 -119.0068676026724,39.80021874578325
 -119.0069097184808,39.80026126360032
 -119.0069319253995,39.80026178120703
 -119.0069966088511,39.8001966983923
 -119.0069959805372,39.80017508684315
 -119.0070175591078,39.80015399288502
 -119.0070817294945,39.80011144220796
 -119.007103820897,39.80006781605225
 -119.0071465019786,39.8000896025634
 -119.0071459629331,39.80011123426451
 -119.0071247154473,39.80030440075702
 -119.0071253438045,39.80032601230409
 -119.007103765216,39.80034710628214
 -119.0070600951096,39.80041182640836
 -119.0070823651785,39.8004546867513
 -119.0070171440628,39.80050281847527
 -119.0069988305075,39.80049692579396
 -119.0069870290812,39.80050209353822
 -119.0069954745759,39.80051925202643
 -119.0070177446425,39.80056211238111
 -119.0070824282812,39.80049702951714
 -119.0072105907905,39.80032544155767
 -119.0073603311295,39.80013275944683
 -119.0073608701074,39.80011112774636
 -119.0073823590831,39.80004679047775
 -119.0074896596951,39.79996115104432
 -119.0075328797498,39.79996130571202
 -119.0075748428239,39.79991823727801
 -119.0076821429953,39.7998325976747
 -119.007704709336,39.7997249969507
 -119.0077261082173,39.79961741638115
 -119.0077686995097,39.79959595942403
 -119.0078119193314,39.79959611399297
 -119.0079403216004,39.79955335452392
 -119.0079186799079,39.79953210588501
 -119.0079827593317,39.79944631149029
 -119.0080260427127,39.79948880874072
 -119.0080477742875,39.7995533005984
 -119.008155316903,39.79959648981055
 -119.008283782761,39.79959607272073
 -119.0083269125352,39.79955298386305
 -119.0083263100149,39.7995322728088
 -119.0082839237894,39.79936002580198
 -119.0082621920639,39.79929553399015
 -119.0082615633731,39.79927392245352
 -119.0080478262735,39.79927401041905
 -119.008047223843,39.79925329936043
 -119.0080471339876,39.79921005611917
 -119.0080259413093,39.79912393255308
 -119.0079826581671,39.79908143529489
 -119.0078972968041,39.79903786284801
 -119.0078541670634,39.79908095154833
 -119.0078542567941,39.79912419479343
 -119.0078544100692,39.7992097808018
 -119.007918193614,39.79927444739474
 -119.0079188221971,39.79929605893569
 -119.0078547428241,39.79938185329582
 -119.0078548063733,39.79942419605788
 -119.0077467253478,39.79940263825737
 -119.0077250837628,39.79938138957935
 -119.007661479525,39.79940320937183
 -119.0075971571835,39.79936017433877
 -119.0075969146467,39.79923134507694
 -119.007596286166,39.79920973353172
 -119.0076616861389,39.79920950516409
 -119.0076828149553,39.79925328603986
 -119.0077254695069,39.79927417186719
 -119.0078118190387,39.79923123778571
 -119.0078117555212,39.79918889502168
 -119.0077690748097,39.79916710874421
 -119.0077682931117,39.79905991118906
 -119.0078114228949,39.79901682251962
 -119.0078330008611,39.79899572841972
 -119.0077690645095,39.7988454757544
 -119.0078332967491,39.79884526745717
 -119.007940209533,39.79886684535931
 -119.0079185680651,39.79884559671305
 -119.007922504954,39.79882513244204
 -119.0079670753308,39.79877911323349
 -119.0079183885396,39.79875911022052
 -119.0078115656248,39.79878077554209
 -119.0078323355642,39.79865158340231
 -119.0078538236973,39.79858724605137
 -119.0078760300751,39.79858776348958
 -119.0079192492624,39.79858791803297
 -119.0079618398682,39.79856646101717
 -119.0080050590411,39.79856661552888
 -119.0080685725509,39.79850155231907
 -119.0081759598694,39.79845915554833
 -119.0083483352333,39.79852284716933
 -119.0085196598631,39.79863070241208
 -119.0085197499993,39.79867394565036
 -119.0086907142932,39.79860882768101
 -119.0086702400617,39.79858755900911
 -119.0086695472315,39.79852360471879
 -119.0086483540268,39.79843748126972
 -119.0086482638163,39.79839423803168
 -119.0086693027569,39.79839477548725
 -119.0087341633715,39.79841617823498
 -119.0087772921487,39.79837308922477
 -119.0087765089421,39.79826589169806
 -119.0087560347913,39.79824462303839
 -119.0088417535355,39.79818007669297
 -119.0089059851262,39.79817986781578
 -119.0089269336228,39.7981371619904
 -119.0088842532417,39.7981153761128
 -119.0088408799221,39.79802963592784
 -119.0087989187607,39.798072704789
 -119.0086914684141,39.79807275935783
 -119.0085840180632,39.79807281382706
 -119.0085192217417,39.79809375374734
 -119.0084766316045,39.79811521095888
 -119.0084123362057,39.79807307683386
 -119.0082832183308,39.79805098197952
 -119.008240384507,39.79794360984526
 -119.0082403207603,39.79790126707847
 -119.0082618083042,39.79783692965805
 -119.00828335958,39.79781493500094
 -119.0084124770092,39.79783702986607
 -119.0084761696519,39.79785845293925
 -119.0085404648823,39.79790058703405
 -119.0085843123906,39.79792235287734
 -119.0087554553098,39.79794372132891
 -119.008777032657,39.79792262706389
 -119.0087559297977,39.79787974686516
 -119.0088410192626,39.79779358899139
 -119.0088204549386,39.79772907709858
 -119.0088198261076,39.7977074655631
 -119.00892784058,39.79768667966428
 -119.0089055703449,39.79764381966206
 -119.0088634288015,39.79760040206257
 -119.0088411586361,39.79755754204583
 -119.0087774661705,39.7975361191683
 -119.008755286333,39.79753650237576
 -119.0088198111852,39.79738583260836
 -119.0087550417789,39.7974076731271
 -119.0087346319376,39.79742874721783
 -119.0085840542866,39.79747189065386
 -119.0085834255355,39.79745027911444
 -119.0085845289489,39.79740791618231
 -119.0086264898599,39.79736484740021
 -119.0086480408749,39.79734285267963
 -119.0086701566566,39.79730012672943
 -119.00879893833,39.79715014868913
 -119.0087987839928,39.79706456267975
 -119.0087338984507,39.79704225945403
 -119.0086702966857,39.79706407975161
 -119.0086488097376,39.79712841724166
 -119.0086266939932,39.79717114318805
 -119.0084976940409,39.79719319226215
 -119.0084767455373,39.79723589801612
 -119.0083692964837,39.7972359522566
 -119.0083475654327,39.79717146042481
 -119.0084333733186,39.79715015764214
 -119.0085412707515,39.7970852283888
 -119.0084985272704,39.79702109957869
 -119.0084126557372,39.79700005963538
 -119.0082407967144,39.79691383581834
 -119.0081549890544,39.796935138454
 -119.0081328094018,39.79693552153807
 -119.0081123994995,39.79695659552207
 -119.0081113219824,39.79699985894044
 -119.0081329629043,39.79702110756903
 -119.0082830011841,39.7969995964403
 -119.0083052708116,39.79704245658019
 -119.0082616937515,39.79715042037345
 -119.0080900778066,39.79719302562481
 -119.0081124372251,39.79727912905604
 -119.0082835784201,39.79730049824607
 -119.0082831034747,39.79736447272391
 -119.0082405137018,39.79738592984266
 -119.008154551909,39.79732164646499
 -119.0081114233634,39.79736473524491
 -119.0079619230334,39.79736461446154
 -119.0079403455978,39.79738570857852
 -119.0079182555215,39.79742933488106
 -119.0078974598273,39.79755762656894
 -119.0079396643028,39.79764338730752
 -119.0078755228914,39.79768683889316
 -119.0078545738599,39.7977295445435
 -119.0078112655453,39.797686146708
 -119.0078543309751,39.7976007152586
 -119.0078331391162,39.79751459161773
 -119.0078109592728,39.79751497464451
 -119.0077250611192,39.79749303372176
 -119.0077261650606,39.79745067078601
 -119.0077465490372,39.79742869638442
 -119.0077901532585,39.79732163324848
 -119.0078116410684,39.79725729589988
 -119.0077904493862,39.79717117224276
 -119.00776818003,39.79712831199853
 -119.0077469250291,39.79699984554922
 -119.0077468354245,39.79695660228737
 -119.0077047212187,39.79691408471695
 -119.0077254275441,39.79674254978264
 -119.0076611077191,39.79669951471044
 -119.0076185181454,39.79672097159815
 -119.0075974163983,39.79667809115527
 -119.0076183652986,39.79663538554769
 -119.0077689418003,39.79659224338761
 -119.0077903398121,39.7964846627754
 -119.0078112885376,39.79644195713568
 -119.0077474444242,39.79633494760684
 -119.0077689954183,39.79631295304687
 -119.0078330722044,39.79622715875365
 -119.0078762899105,39.79622731334688
 -119.0079397379656,39.79611990744552
 -119.0079615920689,39.79605682015271
 -119.0079997520914,39.79604460699022
 -119.0080117203961,39.79601468968591
 -119.0079827126098,39.79599123268724
 -119.0079832514142,39.79596960097437
 -119.0080906985071,39.79596954713662
 -119.0080901597365,39.79599117884927
 -119.0081545689745,39.79607745695972
 -119.0081767483505,39.79607707387775
 -119.0081553510453,39.79618465455176
 -119.0081116582293,39.7962484745542
 -119.0081117480435,39.79629171781562
 -119.0081118378589,39.79633496107671
 -119.0081335422031,39.79639855249138
 -119.0082831303525,39.79644191635918
 -119.0083264119479,39.79648441355729
 -119.0084117703359,39.79652798577258
 -119.0085623460651,39.79648484259819
 -119.0086265121367,39.79644229114047
 -119.0086264219952,39.79639904788792
 -119.0085836788889,39.79633491909405
 -119.0085624865793,39.79624879558052
 -119.008669305334,39.79622712965323
 -119.0086909461709,39.79624837818199
 -119.0087347024455,39.79622690074508
 -119.0087124328392,39.796184040682
 -119.008669779957,39.79616315517025
 -119.0086265623019,39.79616300087184
 -119.0085839733687,39.79618445810158
 -119.0085406656185,39.79614106051579
 -119.0084764359198,39.79614126914732
 -119.0084769745682,39.79611963743621
 -119.0085627811129,39.79609833458491
 -119.0085843579661,39.79607724036121
 -119.0085837292459,39.79605562881655
 -119.0086484335102,39.79599144564231
 -119.0086057545714,39.79596965962216
 -119.0086056005384,39.79588407359044
 -119.0084981535993,39.79588412790221
 -119.0083697584494,39.79592688785063
 -119.0082834133403,39.79596982226837
 -119.0082617727172,39.7959485736577
 -119.0082623114341,39.79592694194539
 -119.0082615292165,39.79581974435325
 -119.0082830798881,39.7957977497033
 -119.00824009405,39.79560479145076
 -119.0082406327755,39.79558315973723
 -119.0082189922918,39.79556191111415
 -119.0080688037575,39.79549783604099
 -119.0080045746462,39.79549804439753
 -119.0079836263047,39.79554075006951
 -119.0079831510242,39.79560472457066
 -119.0078109364198,39.79562661826216
 -119.0077898349182,39.79558373784168
 -119.0077897453258,39.79554049457037
 -119.0078548356605,39.79536909405166
 -119.0078331953628,39.79534784535161
 -119.0076182136139,39.79530470913046
 -119.0076403294412,39.79526198336271
 -119.0076186630597,39.79523983413831
 -119.0075543447421,39.79519679896276
 -119.0075110644536,39.79515430143817
 -119.0074899632936,39.79511142095225
 -119.0074892717295,39.79504746659258
 -119.0075108224224,39.79502547208324
 -119.0075107330206,39.79498222880374
 -119.0074248643271,39.79496118805702
 -119.0074254033123,39.79493955633925
 -119.0073821864085,39.79493940155949
 
--
							<coordinates>
								-119.0062454512052,39.7953689467985
 -119.0062021454265,39.79532554828825
 -119.0061380049759,39.79536899890516
 -119.0060954157095,39.79539045523022
 -119.0060300193209,39.79539068263207
 -119.0059442127864,39.7954119836095
 -119.005858494573,39.79547652782577
 -119.0058158167995,39.79545474074958
 -119.0058801965503,39.79554011972476
 -119.0059228743972,39.79556190677526
 -119.0059660032647,39.79551881879107
 -119.0061382444671,39.7954978283142
 -119.0062240510414,39.79547652719245
 -119.0063314087613,39.79543323170815
 -119.0063524206289,39.79543286912305
 -119.0062875635473,39.79541146495171
 -119.0062664630543,39.7953685842294
 -119.0062454512052,39.7953689467985
 
--
							<coordinates>
								-119.0085839684517,39.79369517824514
 -119.0086271845583,39.79369533259486
 -119.008713051987,39.7937163724833
 -119.0087346280772,39.79369527824149
 -119.0087766768871,39.79369545270246
 -119.0088198028043,39.79365236371113
 -119.008755395144,39.79356608590307
 -119.008691706447,39.79354466287952
 -119.0085410471486,39.7935445628199
 -119.0085621746281,39.79358834360303
 -119.0086059931453,39.79360920903466
 -119.0085845070793,39.79367354652603
 -119.0085839684517,39.79369517824514
 
--
							<coordinates>
								-119.0082834196131,39.79348054207627
 -119.0081975525992,39.79345950185916
 -119.0081124412492,39.79354475873653
 -119.0081119922127,39.79360963373777
 -119.0081114534362,39.79363126545829
 -119.0080472895807,39.79367381659813
 -119.0080690191118,39.79373830855483
 -119.0081338751075,39.79375971175902
 -119.0082406003611,39.79369480302508
 -119.008369171303,39.79373852984887
 -119.008433462518,39.79378066412078
 -119.0084555773832,39.79373793820957
 -119.0084547950326,39.79363074058655
 -119.0084121176463,39.79360895445189
 -119.0083484290079,39.79358753123844
 -119.0082840481816,39.79350215363439
 -119.0082834196131,39.79348054207627
 
--
							<coordinates>
								-119.0094847036661,39.79262191773927
 -119.0094426817255,39.79262264400114
 -119.0093773523603,39.79266521601746
 -119.0093131901915,39.79270776782605
 -119.0091419960538,39.79264405709586
 -119.0090988709482,39.79268714619515
 -119.0089488161085,39.79270775769302
 -119.0088413101624,39.79266546941516
 -119.0087129211587,39.79270822962426
 -119.0086272088857,39.79277277577972
 -119.0087337278199,39.79290157097381
 -119.008799121772,39.79290134210132
 -119.0087774819977,39.79288009355782
 -119.008819440145,39.79283702473962
 -119.0088844497105,39.79294401360747
 -119.0088199287557,39.79309468342242
 -119.0088409398781,39.79309432040289
 -119.0089273713298,39.79309462891185
 -119.008991688455,39.79313766336595
 -119.0089917525364,39.79318000615498
 -119.0090135730668,39.79328774119249
 -119.0090340457574,39.7933090098558
 -119.009248931553,39.79330890032313
 -119.0092709553079,39.79322293100267
 -119.0094202916813,39.79313746425755
 -119.0094635074267,39.79313761830355
 -119.0095278249156,39.7931806524514
 -119.0096136012712,39.79315844842238
 -119.0096783019426,39.79309426472709
 -119.0096788402295,39.79307263300873
 -119.0096348403917,39.79296528145703
 -119.0096354049005,39.7929445502191
 -119.0095498046522,39.79277214948373
 -119.0095707512403,39.79272944355083
 -119.0095496496199,39.79268656343494
 -119.0095069081174,39.79262243490932
 -119.0094847036661,39.79262191773927
 
--
							<coordinates>
								-119.0099142774261,39.7918928444248
 -119.0098926376465,39.79187159608652
 -119.0098500517253,39.79189305372671
 -119.009807465777,39.79191451135178
 -119.0097643415359,39.79195760068374
 -119.0096563362623,39.79197838717029
 -119.0096133669611,39.79210706250493
 -119.0095494772635,39.79227934423856
 -119.0095068909832,39.79230080175949
 -119.009506955359,39.79234314454685
 -119.0094849321358,39.79242911391137
 -119.0095071365249,39.79242963108283
 -119.0095491583462,39.79242890480027
 -119.0096997506533,39.79238666082201
 -119.0098070105475,39.79230011899399
 -119.0098498242166,39.79208585754886
 -119.0098933312863,39.79193555041491
 -119.0099574923837,39.79189299830458
 -119.0099142774261,39.7918928444248
 
--
							<coordinates>
								-119.009356836256,39.79107722373411
 -119.0093136218023,39.79107706961879
 -119.0092279120769,39.7911416161763
 -119.0091632127334,39.79120579960857
 -119.0091638415271,39.79122741116412
 -119.0092275281869,39.79124883398212
 -119.0092708331534,39.79129223140659
 -119.0094203202319,39.79129235080365
 -119.0094425885635,39.79133521079125
 -119.0094847002596,39.79137772782287
 -119.0095927690607,39.79139928430712
 -119.0096143441784,39.79137818991634
 -119.0097637407097,39.79133506559487
 -119.0098717187369,39.79131337854877
 -119.0099569806719,39.79131370651898
 -119.0099141488955,39.79120633484812
 -119.0098504620779,39.79118491241103
 -119.0096787068174,39.79114193362668
 -119.00942099692,39.7910346719253
 -119.009398792981,39.79103415472694
 -119.009356836256,39.79107722373411
 
--
							<coordinates>
								-119.0133477981147,39.7928154569538
 -119.0133045159006,39.7927729616224
 -119.0131755924901,39.7928373584236
 -119.0131539251676,39.79281521024784
 -119.0130686877097,39.7928157851503
 -119.0129186602468,39.79283730224302
 -119.0129403012521,39.79285854998497
 -119.0129398304911,39.79292252442886
 -119.012875066627,39.79294436713886
 -119.0127466134188,39.79294478903102
 -119.0127043799084,39.79285812956746
 -119.0126391449841,39.79294394659531
 -119.012618226509,39.79298755351831
 -119.0125756408037,39.79300901215184
 -119.0125319540459,39.79307283371325
 -119.0125109429777,39.79307319740097
 -119.0124246040841,39.79311613478143
 -119.0124030293271,39.79313722968178
 -119.0124036591799,39.79315884118928
 -119.0123605358574,39.79320193145856
 -119.0123385159897,39.7932879012777
 -119.0123606944109,39.79328751741642
 -119.0125533089356,39.79324454240783
 -119.0127681942491,39.79324442635863
 -119.0127898615915,39.79326657460462
 -119.0129397045095,39.79315857123735
 -119.0130255986968,39.79318050839873
 -119.0130044948018,39.79313762896706
 -119.0129611863322,39.79309423303033
 -119.0129616570679,39.79303025858861
 -119.0130690065395,39.79298695703346
 -119.0131547410224,39.79292330816554
 -119.0132184970965,39.79298707145011
 -119.0133042981639,39.79296576520225
 -119.0133256865963,39.7928581837282
 -119.0133477981147,39.7928154569538
 
--
							<coordinates>
								-119.0132403882206,39.79253622554113
 -119.0131755319266,39.7925148251985
 -119.0129401752945,39.79249367399989
 -119.0128964227217,39.79251515295255
 -119.0127897702202,39.79262240857909
 -119.0128108738119,39.79266528806017
 -119.012811503782,39.79268689956429
 -119.0128968338107,39.79272956806882
 -119.0130252200603,39.79268680328626
 -119.0130684354741,39.79268695599514
 -119.0132400369156,39.79264434367207
 -119.0133042632274,39.79264413247693
 -119.0133691196818,39.79266553274338
 -119.0133479227463,39.7925794101636
 -119.0132403882206,39.79253622554113
 
--
							<coordinates>
								-119.0097214930599,39.78442562716237
 -119.009721109537,39.78453284506958
 -119.0097643842056,39.78457534196478
 -119.0097854189207,39.78457587931529
 -119.0098496378017,39.78457567020485
 -119.0099148687802,39.78448985473001
 -119.0099575146435,39.78451073998033
 -119.0100211307511,39.78448981968809
 -119.0099572951129,39.78438281099128
 -119.0099146231272,39.78436102525644
 -119.009785556931,39.78433983193109
 -119.0097645222881,39.78433929457895
 -119.0097425413081,39.78434018836664
 -119.0097204193868,39.78436136255368
 -119.0097214930599,39.78442562716237
 
--
							<coordinates>
								-119.0097426992593,39.78483338421701
 -119.0096785444169,39.7848759361106
 -119.0096564329349,39.78491866223482
 -119.0096566138778,39.78500514887212
 -119.0097430994818,39.78504779984016
 -119.009764582104,39.78498346212922
 -119.0097861290385,39.78496146724926
 -119.0098502838893,39.78491891529645
 -119.0098070089444,39.78487641844187
 -119.0097432375703,39.78481175247094
 -119.0097426992593,39.78483338421701
 
--
							<coordinates>
								-119.0095922784164,39.78371702264698
 -119.0095712701619,39.78371738573776
 -119.0095707959773,39.783781360334
 -119.0095498518774,39.78382406626744
 -119.0095276764626,39.7838244495225
 -119.0095063484333,39.78397437337269
 -119.0095922942656,39.78403865624079
 -119.0097431137189,39.78412524205708
 -119.0098717961943,39.78425365334715
 -119.0100862707097,39.78436076080606
 -119.0101073053593,39.78436129809962
 -119.0101294809389,39.78436091472989
 -119.0101509630099,39.7842965769533
 -119.0100212679659,39.78425377231876
 -119.0099569587496,39.78421073819805
 -119.0099574325617,39.78414676361289
 -119.0099361523127,39.78401739681072
 -119.0099145151026,39.78399614839262
 -119.0097858973727,39.7839100799774
 -119.0097426231263,39.78386758307636
 -119.0096993227339,39.7838241856753
 -119.0096787885315,39.78376057419224
 -119.0096349498977,39.78373880851417
 -119.0095928167806,39.78369539089678
 -119.0095922784164,39.78371702264698
 
--
							<coordinates>
								-119.0129400383552,39.78307350608205
 -119.0128326115713,39.78307356395262
 -119.0128327701592,39.78315915003917
 -119.0128760720405,39.78320254623941
 -119.0129396597611,39.78318072390888
 -119.0129610757974,39.78307435632181
 -119.0129616154191,39.78305263147633
 -119.0129400383552,39.78307350608205
 
--
							<coordinates>
								-119.0122961179481,39.78037013388092
 -119.0123178467042,39.7804346251873
 -119.012339483472,39.78045587317804
 -119.0124682929091,39.7803482343792
 -119.0124682296784,39.78030621275129
 -119.0124034484703,39.78032683329387
 -119.0123392336166,39.78032704372779
 -119.0122961179481,39.78037013388092
 
--
							<coordinates>
								-119.0128965345997,39.77989756137342
 -119.0128755275517,39.77989792503595
 -119.0127681717651,39.77994032555947
 -119.012683016215,39.77998324264206
 -119.0126825710358,39.78004811770487
 -119.0126610002844,39.78006921260297
 -119.0127259368149,39.78013385685564
 -119.0128971643115,39.77991917292442
 -119.0128965345997,39.77989756137342
 
--
							<coordinates>
								-119.0153001057558,39.7819578087468
 -119.0153433144071,39.78195796076236
 -119.0154080672478,39.78193611688925
 -119.0154290071467,39.781893409981
 -119.0155787539681,39.78174306089199
 -119.015643532805,39.78172211737253
 -119.0156222428632,39.78159275178981
 -119.015601235334,39.78159311595748
 -119.0155790607194,39.78159350035254
 -119.0155795031195,39.78152862535735
 -119.0156226173773,39.78148553402222
 -119.0155580777691,39.78131457420433
 -119.0155148695242,39.78131442225954
 -119.0154938358052,39.78131388592611
 -119.0154714995136,39.78122868426485
 -119.0154072576287,39.78122799593681
 -119.0153221961726,39.78131415820577
 -119.015321727252,39.78137813272799
 -119.0153008813456,39.78146408287655
 -119.0153004386809,39.78152895787735
 -119.0153005063295,39.78157130065495
 -119.0153215401272,39.78157183702164
 -119.0153651911388,39.78150711403555
 -119.0153860369752,39.7814211638776
 -119.015493555118,39.78146434695608
 -119.0154936491569,39.78150759021098
 -119.0154720788501,39.78152868561762
 -119.0154506025445,39.78159302427542
 -119.0154284956567,39.78163575141697
 -119.0153222383002,39.78163579131257
 -119.015300063668,39.78163617565463
 -119.0152792853106,39.78176446857461
 -119.0153003191673,39.78176500494379
 -119.015364629249,39.78180803609456
 -119.0153214883609,39.78185022686014
 -119.0152579965626,39.78191529371151
 -119.0152785352531,39.78197890412049
 -119.0153001057558,39.7819578087468
 
--
							<coordinates>
								-119.0148499344682,39.78313772687962
 -119.0148073554532,39.78315918621192
 -119.0147858780773,39.78322352475531
 -119.0147205870764,39.78326700004731
 -119.0146786382869,39.78331007085021
 -119.014592473583,39.78343859563212
 -119.014549800801,39.78341681161961
 -119.0145061478759,39.78348153432381
 -119.0144209891781,39.7835244527331
 -119.0144416210818,39.78363130653598
 -119.0143991350473,39.78369600898247
 -119.0143560186798,39.78373909989641
 -119.0143349842198,39.78373856336978
 -119.0143133457788,39.78371731580052
 -119.0143138155604,39.78365334128509
 -119.0142913308983,39.783803285999
 -119.014248844621,39.78386798839426
 -119.0141841566211,39.78393217444079
 -119.0140770489135,39.78410340556788
 -119.0139908152233,39.7841895871563
 -119.0138200251126,39.78433939771998
 -119.0137128491434,39.78446828575417
 -119.013712942148,39.78451152901472
 -119.0137124050827,39.78453316075167
 -119.0136267742036,39.78464005312952
 -119.0136699845602,39.78464020572999
 -119.0137120277784,39.78464037852797
 -119.0137983554272,39.78459744039098
 -119.0137987994048,39.78453256539571
 -119.013798639542,39.7844469793573
 -119.0138196479641,39.78444661549617
 -119.0138837997631,39.7844040613765
 -119.0138843367752,39.78438242963956
 -119.0139490254666,39.78431824374894
 -119.0141635622179,39.78414695368891
 -119.0141839403342,39.78412497824493
 -119.0143347012144,39.78388902439533
 -119.0144845481071,39.78378191986838
 -119.014635468093,39.78363155168163
 -119.0146348377534,39.78360994016652
 -119.0147420106937,39.78348105133225
 -119.0147635818159,39.78345995604899
 -119.0148714783971,39.78339592186752
 -119.0148923927711,39.78335231456889
 -119.0148927683155,39.78324509680832
 -119.015021135803,39.783202330183
 -119.0150432434085,39.78315960311275
 -119.01508626516,39.78307326870779
 -119.0150854733108,39.78296607117544
 -119.0151711937847,39.7829024210406
 -119.0152568878285,39.78283787036577
 -119.0152147518295,39.78279445485302
 -119.0151066951029,39.78277290330835
 -119.0149784222145,39.78285891326494
 -119.0149359371383,39.78292361589382
 -119.0148499344682,39.78313772687962
 
--
							<coordinates>
								-119.0127039664203,39.7859921171144
 -119.0127249753275,39.78599175344077
 -119.0128755253617,39.7859486051801
 -119.0128760889256,39.78592787392616
 -119.012918040395,39.78588480373144
 -119.0129395202552,39.78582046550314
 -119.0130042111434,39.78575628010361
 -119.0130903553317,39.78562685593604
 -119.0131759882222,39.78551996392445
 -119.0133472269699,39.78530527924396
 -119.0133903449234,39.78526218867925
 -119.0134544048738,39.78517639151986
 -119.0135625899299,39.78496189745274
 -119.0136690701186,39.78476905524206
 -119.0136047582144,39.78472602321101
 -119.0135406059451,39.78476857718493
 -119.013519756955,39.78485452703991
 -119.0135192198309,39.78487615877619
 -119.0134982779046,39.7849188653666
 -119.0134115719185,39.78506902107005
 -119.0132186953142,39.78526245807108
 -119.0130905745075,39.78543405211124
 -119.0130690948949,39.78549839036563
 -119.0129618232152,39.78558403449082
 -119.0128965951261,39.78566985160093
 -119.0128326265225,39.78579889173639
 -119.0127895741105,39.78588432488998
 -119.0127254465113,39.78592777892151
 -119.0127039664203,39.7859921171144
 
--
							<coordinates>
								-119.0114594881959,39.78861014629587
 -119.0114379144893,39.78863124100677
 -119.0114811273796,39.78863139436555
 -119.0115453499964,39.78863118422989
 -119.0115457304344,39.78852396645316
 -119.0115882219806,39.78845926497379
 -119.0115238422745,39.78837388907869
 -119.0115453241264,39.78830955108735
 -119.0114593710363,39.78824526987524
 -119.0113524739147,39.78822369482826
 -119.011351752877,39.78815884001893
 -119.0113300222774,39.78809434864832
 -119.0114599087895,39.78822363814506
 -119.0116525099107,39.78818066490797
 -119.011673899764,39.78807308362907
 -119.0116095858879,39.78803005055698
 -119.0115877895567,39.78792321645048
 -119.0116094285543,39.78794446450263
 -119.0118237597677,39.78796598231071
 -119.0119963335701,39.7878368653255
 -119.0120389163347,39.78781540695551
 -119.0120597941591,39.78773035782622
 -119.0119739071188,39.78770841976731
 -119.0119953883654,39.78764408169992
 -119.0120601738502,39.78762314005036
 -119.0121883670088,39.78749388984021
 -119.0123603354872,39.78734406129571
 -119.0124244646062,39.78730060744072
 -119.0124891573186,39.78723642230128
 -119.0125964982287,39.78719312134222
 -119.0125969694932,39.78712914683318
 -119.0125318677834,39.78697891669022
 -119.0125749211461,39.78689348362471
 -119.012596939008,39.78680751372398
 -119.012618485562,39.786785518332
 -119.0126398997984,39.78667883737511
 -119.0126392700163,39.78665722584627
 -119.0127249710348,39.78659267692081
 -119.0127038695154,39.78654979733759
 -119.0127464512697,39.78652833872653
 -119.0127684688185,39.78644236879568
 -119.012768755021,39.78629190775843
 -119.012789631556,39.78620685850765
 -119.012789917733,39.78605639746559
 -119.012768816352,39.78601351788757
 -119.0127466140351,39.78601300129333
 -119.0126825524524,39.78609879808796
 -119.0126822660446,39.78624925913411
 -119.0127033674508,39.78629213872577
 -119.0126392394264,39.78633559271666
 -119.0125757148366,39.78639975772391
 -119.0125747061168,39.78648536397412
 -119.0125531596383,39.78650735935722
 -119.0124890050821,39.78654991278984
 -119.0124897008709,39.78661386710461
 -119.0124676168812,39.78665749420598
 -119.012489321788,39.78672108488419
 -119.0124252592573,39.78680688154915
 -119.0123179188245,39.78685018234116
 -119.0122958084185,39.7868929089318
 -119.0122742617267,39.78691490426657
 -119.012253855963,39.78693597891726
 -119.0122535686922,39.78708643996313
 -119.0122314581761,39.78712916654252
 -119.0121457560333,39.78719371512344
 -119.0121027019595,39.78727914804191
 -119.0121243409012,39.78730039600122
 -119.0121034236601,39.78734400283997
 -119.0119318345121,39.78738661323217
 -119.0118886224089,39.78738646002344
 -119.0119311392031,39.78732265891045
 -119.0118691618865,39.78730654938448
 -119.0118434811667,39.787317500705
 -119.0118453446244,39.78734396401095
 -119.0117381604447,39.78747285034822
 -119.0116740044919,39.78751540335528
 -119.0116525229777,39.78757974137045
 -119.0116315135726,39.78758010486092
 -119.011566662472,39.78755870348295
 -119.011524145198,39.78762250447091
 -119.0116094680633,39.78766517411991
 -119.0115454298151,39.7877518708115
 -119.0115448003522,39.78773025927288
 -119.0114805523485,39.78772956890825
 -119.0113738392816,39.78779448040638
 -119.0113089880503,39.78777307888781
 -119.0112875061221,39.78783741684229
 -119.0113523574086,39.7878588183714
 -119.011394940397,39.78783736023304
 -119.0114167363979,39.78794419438476
 -119.0113951891037,39.78796618956635
 -119.0113526060375,39.78798764770615
 -119.0113515042357,39.78803001068776
 -119.0112879115631,39.78805183224404
 -119.0112662726271,39.78803058413077
 -119.0112020505628,39.78803079409911
 -119.0111379852492,39.78811659009906
 -119.011223308512,39.78815926002022
 -119.0112660486418,39.78822338798698
 -119.0112228360047,39.78822323454217
 -119.0111808820866,39.78826630416394
 -119.0111809736071,39.78830954743582
 -119.0110945482218,39.78830924046916
 -119.0110297880054,39.78833108207937
 -119.0110730659454,39.78837357838667
 -119.011159491412,39.78837388536748
 -119.0111800547484,39.78843839695831
 -119.0112016022543,39.78841640181344
 -119.0113091290407,39.78845958853199
 -119.01133076813,39.78848083663239
 -119.0113308597504,39.78852407990048
 -119.0113303219583,39.78854571162997
 -119.0114162753187,39.78860999292873
 -119.0114594881959,39.78861014629587
 
