-119.004514534  39.814351017
-119.004529386  39.8143413963
-119.004555598  39.814325408
-119.00456879   39.8143199908
-119.004575129  39.8143095523
-119.004601513  39.8142987169
-119.004627725  39.8142827286
-119.004653936  39.8142667403
-119.004667128  39.8142613231
-119.004693169  39.8142401818
-119.004719553  39.8142293465
-119.004745936  39.8142185111
-119.004772336  39.8142076664
-119.004785528  39.8142022482
-119.004811569  39.8141811069
-119.004837953  39.8141702715
-119.004864164  39.8141542832
-119.004877356  39.8141488659
-119.004883694  39.8141384274
-119.004910078  39.814127592
-119.004923099  39.8141170218
-119.004962845  39.8141059211
-119.004989228  39.8140950857
-119.005022294  39.8140841176
-119.005048677  39.8140732822
-119.005055016  39.8140628437
-119.005068208  39.8140574264
-119.00509442   39.814041438
-119.005120803  39.8140306025
-119.005147187  39.814019767
-119.005173227  39.8139986257
-119.005199611  39.8139877902
-119.005225822  39.8139718017
-119.005252206  39.8139609662
-119.005278417  39.8139449778
-119.005311483  39.8139340096
-119.005337523  39.8139128682
-119.005363563  39.8138917269
-119.005389603  39.8138705855
-119.005415815  39.813854597
